1 10
100 200
201 210
900 1000
1 1
50 40
203 4040
5851 593993
330 1
100 100
1000 1000
27 31
2938 39439
999999 999999
5 10
50 100
500 1000
501 1000
501 1001
5000 10000
5001 10000
20 30
40 50
60 70
80 90
1 999999
2 999999
3 999999
1 999999
500 999
5389 19823
2905 239084
23498 28193
100000 1
7040 3049
92929 29393
9430 3012
29039 2332
3905 211
2039 32578
209 34522
3209 22324
243069 21412
203 204
99 100
100 101
8448 9339
6871 7391
3940 394000
500000 999999
250089 697306
922074 652997
716086 673155
152451 331231
435787 301208
683418 350645
155269 796085
549876 507370
284093 136455
716578 439723
154002 506345
664143 846787
238562 763976
828487 368973
266726 2660
216318 298087
951084 33167
706322 654744
502328 667170
484730 375126
725771 454467
250552 168148
675519 881040
533847 800428
756503 475964
498661 766778
613565 910505
674482 162804
531777 852127
371139 19321
317408 314856
864375 587458
758554 268493
452015 570698
462176 260882
715350 936746
621246 187947
68987 965902
766331 813117
289081 119186
885964 522834
433340 787742
950547 499529
868009 624174
159847 998676
829884 239148
342958 477255
262100 694260
781310 101513
362345 230468
348 477255
262100 614260
710 101513
362395 230268